ml	 mAU
0.00	0.00
0.10	0.00
0.19	0.00
0.29	-0.01
0.38	-0.02
0.48	-0.02
0.58	0.00
0.67	-0.02
0.77	0.01
0.87	0.05
0.96	0.07
1.06	0.05
1.15	0.00
1.25	-0.04
1.35	-0.09
1.44	20.73
1.54	160.09
1.64	1084.97
1.73	2618.62
1.83	2824.37
1.92	2852.88
2.02	2859.59
2.12	2877.53
2.21	2948.69
2.31	2961.67
2.41	2958.55
2.50	2963.19
2.60	2997.47
2.69	2972.49
2.79	2969.84
2.89	3013.56
2.98	3005.01
3.08	2999.88
3.18	3023.22
3.27	3046.76
3.37	3039.73
3.46	3023.66
3.56	3029.89
3.66	3051.92
3.75	3024.41
3.85	3036.72
3.95	3030.06
4.04	3022.69
4.14	3015.04
4.23	3030.34
4.33	3054.76
4.43	3038.98
4.52	3012.35
4.62	3037.25
4.71	3026.76
4.81	3021.92
4.91	2988.66
5.00	3008.90
5.10	3012.82
5.20	3023.10
5.29	3047.79
5.39	3041.22
5.48	3026.01
5.58	3012.27
5.68	3038.66
5.77	3035.78
5.87	3026.64
5.97	3007.77
6.06	3008.25
6.16	3039.01
6.25	3018.43
6.35	3008.77
6.45	3017.24
6.54	3031.93
6.64	2989.90
6.74	3015.01
6.83	3017.29
6.93	3011.80
7.02	2987.31
7.12	3014.58
7.22	3004.47
7.31	3009.28
7.41	2993.94
7.51	3012.66
7.60	3005.91
7.70	3012.99
7.79	3037.16
7.89	3012.81
7.99	3012.84
8.08	2995.13
8.18	3035.71
8.27	3018.12
8.37	3022.48
8.47	3024.95
8.56	3007.57
8.66	3000.99
8.76	3033.51
8.85	3028.81
8.95	3033.49
9.04	3049.95
9.14	3047.84
9.24	3023.41
9.33	3053.50
9.43	3047.66
9.53	3046.13
9.62	3053.27
9.72	3049.34
9.81	3051.46
9.91	3074.68
10.01	3056.19
10.10	3071.53
10.20	3050.70
10.30	3056.95
10.39	3075.85
10.49	3070.53
10.58	3094.34
10.68	3064.54
10.78	3075.64
10.87	3085.98
10.97	3078.41
11.07	3069.14
11.16	3077.80
11.26	3098.12
11.35	3071.22
11.45	3092.28
11.55	3060.68
11.64	3085.67
11.74	3105.68
11.84	3065.46
11.93	3077.86
12.03	3082.81
12.12	3082.91
12.22	3051.39
12.32	3050.14
12.41	3058.15
12.51	3074.72
12.60	3043.20
12.70	3074.70
12.80	3065.16
12.89	3065.23
12.99	3048.53
13.09	3051.21
13.18	3049.19
13.28	3057.19
13.37	3063.58
13.47	3058.67
13.57	3017.64
13.66	3017.67
13.76	3046.60
13.86	3021.52
13.95	3039.42
14.05	3035.84
14.14	3026.09
14.24	3022.59
14.34	3045.01
14.43	3046.05
14.53	3061.68
14.63	3046.00
14.72	3073.17
14.82	3067.82
14.91	3085.92
15.01	3062.32
15.11	3071.33
15.20	3064.71
15.30	3077.72
15.40	3100.01
15.49	3081.87
15.59	3080.43
15.68	3092.21
15.78	3093.52
15.88	3084.45
15.97	3093.84
16.07	3079.05
16.16	3051.89
16.26	3084.47
16.36	3063.73
16.45	3084.11
16.55	3054.12
16.65	3070.91
16.74	3105.64
16.84	3098.85
16.93	3090.27
17.03	3090.62
17.13	3091.13
17.22	3128.75
17.32	3082.34
17.42	3097.88
17.51	3065.00
17.61	3100.54
17.70	3118.37
17.80	3061.23
17.90	3122.88
17.99	3118.01
18.09	3072.42
18.19	3079.16
18.28	3109.65
18.38	3084.39
18.47	3117.64
18.57	3110.84
18.67	3088.35
18.76	3134.22
18.86	3125.29
18.96	3130.51
19.05	3114.93
19.15	3122.91
19.24	3108.39
19.34	3115.31
19.44	3140.58
19.53	3139.15
19.63	3114.93
19.73	3137.19
19.82	3134.59
19.92	3106.65
20.01	3110.72
20.11	3134.73
20.21	3127.67
20.30	3131.59
20.40	3148.99
20.49	3173.42
20.59	3123.35
20.69	3132.07
20.78	3137.15
20.88	3132.58
20.98	3137.92
21.07	3123.85
21.17	3119.58
21.26	3132.42
21.36	3153.37
21.46	3127.91
21.55	3110.65
21.65	3112.99
21.75	3121.36
21.84	3083.56
21.94	3100.43
22.03	3094.78
22.13	3097.19
22.23	3068.39
22.32	3136.51
22.42	3112.54
22.52	3093.51
22.61	3085.95
22.71	3088.86
22.80	3117.10
22.90	3107.90
23.00	3107.56
23.09	3096.72
23.19	3087.33
23.29	3098.18
23.38	3078.29
23.48	3072.44
23.57	3079.93
23.67	3071.98
23.77	3052.67
23.86	3099.40
23.96	3084.08
24.06	3070.24
24.15	3055.78
24.25	3069.57
24.34	3089.94
24.44	3034.10
24.54	3043.25
24.63	3054.98
24.73	3044.70
24.82	3072.34
24.92	3065.98
25.02	3033.15
25.11	3038.79
25.21	3053.38
25.31	3051.56
25.40	3031.39
25.50	3057.53
25.59	3038.18
25.69	3105.66
25.79	3074.21
25.88	3068.09
25.98	3064.68
26.08	3042.97
26.17	3094.78
26.27	3106.84
26.36	3072.37
26.46	3089.81
26.56	3081.55
26.65	3106.99
26.75	3088.28
26.85	3088.96
26.94	3081.55
27.04	3102.85
27.13	3072.69
27.23	3092.64
27.33	3121.20
27.42	3092.89
27.52	3103.19
27.62	3095.82
27.71	3117.89
27.81	3074.77
27.90	3096.30
28.00	3112.70
28.10	3094.13
28.19	3109.93
28.29	3081.82
28.38	3094.00
28.48	3087.02
28.58	3086.84
28.67	3100.65
28.77	3097.33
28.87	3131.18
28.96	3112.54
29.06	3083.21
29.15	3075.32
29.25	3103.58
29.35	3116.66
29.44	3076.54
29.54	3094.86
29.64	3079.65
29.73	3087.53
29.83	3111.85
29.92	3081.98
30.02	3080.40
30.12	3088.65
30.21	3083.93
30.31	3104.46
30.41	3090.38
30.50	3071.86
30.60	3094.15
30.69	3089.20
30.79	3078.58
30.89	3105.79
30.98	3070.99
31.08	3101.35
31.18	3098.23
31.27	3077.37
31.37	3116.34
31.46	3119.65
31.56	3109.99
31.66	3132.37
31.75	3103.37
31.85	3117.33
31.95	3120.49
32.04	3132.91
32.14	3122.92
32.23	3121.65
32.33	3123.24
32.43	3110.99
32.52	3128.99
32.62	3101.76
32.71	3112.45
32.81	3016.35
32.91	2954.47
33.00	2859.92
33.10	2792.73
33.20	2732.21
33.29	2648.96
33.39	2586.37
33.48	2511.13
33.58	2427.89
33.68	2360.19
33.77	2280.71
33.87	2230.50
33.97	2181.90
34.06	2133.40
34.16	2084.77
34.25	2028.73
34.35	1977.45
34.45	1921.17
34.54	1875.83
34.64	1826.84
34.74	1780.68
34.83	1733.18
34.93	1677.28
35.02	1622.33
35.12	1556.32
35.22	1485.78
35.31	1412.67
35.41	1331.70
35.51	1259.61
35.60	1184.05
35.70	1115.66
35.79	1053.95
35.89	993.77
35.99	944.98
36.08	896.33
36.18	854.54
36.28	817.34
36.37	781.53
36.47	751.87
36.56	721.94
36.66	696.21
36.76	671.98
36.85	648.65
36.95	628.54
37.04	607.78
37.14	589.58
37.24	571.96
37.33	555.25
37.43	540.30
37.53	524.92
37.62	511.58
37.72	498.31
37.81	485.72
37.91	474.24
38.01	462.41
38.10	451.78
38.20	441.17
38.30	431.12
38.39	421.70
38.49	412.05
38.58	403.68
38.68	395.20
38.78	387.50
38.87	380.45
38.97	373.56
39.07	367.79
39.16	362.17
39.26	357.38
39.35	353.05
39.45	348.92
39.55	345.43
39.64	341.94
39.74	338.87
39.84	335.94
39.93	333.17
40.03	330.70
40.12	328.16
40.22	325.90
40.32	323.61
40.41	321.34
40.51	319.21
40.60	316.78
40.70	314.50
40.80	312.03
40.89	309.52
40.99	307.15
41.09	304.48
41.18	302.12
41.28	299.54
41.37	297.02
41.47	294.61
41.57	291.97
41.66	289.55
41.76	286.89
41.86	284.34
41.95	281.91
42.05	279.28
42.14	276.95
42.24	274.35
42.34	271.89
42.43	269.50
42.53	266.95
42.63	264.71
42.72	262.22
42.82	259.88
42.91	257.56
43.01	255.15
43.11	253.02
43.20	250.63
43.30	248.37
43.40	246.05
43.49	243.69
43.59	241.60
43.68	239.26
43.78	237.21
43.88	235.14
43.97	233.02
44.07	231.14
44.17	228.98
44.26	227.04
44.36	225.06
44.45	223.10
44.55	221.28
44.65	219.28
44.74	217.37
44.84	215.25
44.93	212.92
45.03	210.59
45.13	207.84
45.22	205.25
45.32	202.41
45.42	199.60
45.51	197.00
45.61	194.29
45.70	192.08
45.80	189.91
45.90	188.00
45.99	186.32
46.09	184.72
46.19	183.37
46.28	182.03
46.38	180.81
46.47	179.62
46.57	178.48
46.67	177.40
46.76	176.19
46.86	175.07
46.96	173.97
47.05	172.79
47.15	171.73
47.24	170.55
47.34	169.40
47.44	168.29
47.53	167.15
47.63	166.10
47.73	164.92
47.82	163.83
47.92	162.74
48.01	161.62
48.11	160.55
48.21	159.39
48.30	158.33
48.40	157.22
48.49	156.14
48.59	155.11
48.69	153.98
48.78	152.99
48.88	151.90
48.98	150.91
49.07	149.93
49.17	148.87
49.26	147.94
49.36	146.94
49.46	145.99
49.55	145.02
49.65	144.00
49.75	143.06
49.84	142.05
49.94	141.08
50.03	140.13
50.13	139.11
50.23	138.22
50.32	137.24
50.42	136.33
50.52	135.44
50.61	134.52
50.71	133.65
50.80	132.68
50.90	131.66
51.00	130.47
51.09	129.17
51.19	127.84
51.29	126.33
51.38	124.94
51.48	123.53
51.57	122.17
51.67	120.94
51.77	119.73
51.86	118.72
51.96	117.77
52.06	116.97
52.15	116.26
52.25	115.52
52.34	114.87
52.44	114.15
52.54	113.43
52.63	112.64
52.73	111.71
52.82	110.79
52.92	109.70
53.02	108.60
53.11	107.46
53.21	106.14
53.31	104.94
53.40	103.62
53.50	102.40
53.59	101.23
53.69	100.00
53.79	98.92
53.88	97.75
53.98	96.70
54.08	95.63
54.17	94.56
54.27	93.59
54.36	92.51
54.46	91.53
54.56	90.52
54.65	89.51
54.75	88.59
54.85	87.58
54.94	86.67
55.04	85.71
55.13	84.75
55.23	83.86
55.33	82.86
55.42	81.99
55.52	81.06
55.62	80.13
55.71	79.28
55.81	78.36
55.90	77.55
56.00	76.70
56.10	75.87
56.19	75.12
56.29	74.32
56.39	73.61
56.48	72.85
56.58	72.13
56.67	71.44
56.77	70.71
56.87	70.07
56.96	69.35
57.06	68.67
57.15	68.00
57.25	67.32
57.35	66.67
57.44	65.98
57.54	65.35
57.64	64.72
57.73	64.08
57.83	63.48
57.92	62.83
58.02	62.25
58.12	61.66
58.21	61.10
58.31	60.54
58.41	59.96
58.50	59.42
58.60	58.90
58.69	58.36
58.79	57.87
58.89	57.34
58.98	56.85
59.08	56.35
59.18	55.87
59.27	55.41
59.37	54.91
59.46	54.48
59.56	54.02
59.66	53.54
59.75	53.10
59.85	52.61
59.95	52.15
60.04	51.70
60.14	51.30
60.23	50.96
60.33	50.65
60.43	50.45
60.52	50.27
60.62	50.16
60.71	50.11
60.81	50.09
60.91	50.10
61.00	50.13
61.10	50.16
61.20	50.18
61.29	50.19
61.39	50.20
61.48	50.17
61.58	50.14
61.68	50.10
61.77	50.04
61.87	49.97
61.97	49.89
62.06	49.82
62.16	49.72
62.25	49.64
62.35	49.56
62.45	49.49
62.54	49.41
62.64	49.32
62.74	49.23
62.83	49.15
62.93	49.04
63.02	48.92
63.12	48.80
63.22	48.68
63.31	48.56
63.41	48.47
63.51	48.41
63.60	48.35
63.70	48.39
63.79	48.60
63.89	49.11
63.99	49.91
64.08	51.37
64.18	53.49
64.28	56.68
64.37	61.55
64.47	67.47
64.56	76.33
64.66	86.82
64.76	100.40
64.85	117.07
64.95	135.01
65.04	157.97
65.14	181.38
65.24	207.70
65.33	236.22
65.43	263.53
65.53	294.53
65.62	322.35
65.72	351.19
65.81	378.80
65.91	403.28
66.01	428.62
66.10	449.97
66.20	470.89
66.30	489.86
66.39	506.07
66.49	522.02
66.58	534.49
66.68	546.35
66.78	555.91
66.87	563.47
66.97	569.80
67.07	573.94
67.16	576.81
67.26	577.99
67.35	577.78
67.45	576.17
67.55	573.54
67.64	569.53
67.74	564.85
67.84	559.36
67.93	552.91
68.03	546.45
68.12	538.76
68.22	531.15
68.32	523.15
68.41	514.50
68.51	506.31
68.60	497.22
68.70	488.70
68.80	479.87
68.89	470.78
68.99	462.20
69.09	452.70
69.18	444.10
69.28	435.10
69.37	426.19
69.47	417.47
69.57	408.36
69.66	400.21
69.76	391.54
69.86	383.34
69.95	375.43
70.05	367.05
70.14	359.67
70.24	352.02
70.34	344.66
70.43	337.78
70.53	330.85
70.63	324.87
70.72	318.50
70.82	312.77
70.91	307.28
71.01	301.89
71.11	297.21
71.20	292.28
71.30	288.00
71.40	283.84
71.49	279.98
71.59	276.71
71.68	273.28
71.78	270.40
71.88	267.65
71.97	265.08
72.07	262.87
72.17	260.67
72.26	258.82
72.36	257.08
72.45	255.50
72.55	254.16
72.65	252.81
72.74	251.72
72.84	250.71
72.93	249.84
73.03	249.06
73.13	248.30
73.22	247.68
73.32	247.09
73.42	246.49
73.51	245.86
73.61	245.01
73.70	244.15
73.80	243.00
73.90	241.78
73.99	240.46
74.09	238.99
74.19	237.67
74.28	236.19
74.38	234.79
74.47	233.42
74.57	231.98
74.67	230.75
74.76	229.43
74.86	228.24
74.96	227.08
75.05	225.91
75.15	224.92
75.24	223.82
75.34	222.86
75.44	221.91
75.53	220.96
75.63	220.15
75.73	219.26
75.82	218.47
75.92	217.67
76.01	216.89
76.11	216.17
76.21	215.44
76.30	214.79
76.40	214.15
76.50	213.50
76.59	212.91
76.69	212.30
76.78	211.75
76.88	211.18
76.98	210.63
77.07	210.10
77.17	209.59
77.26	209.14
77.36	208.63
77.46	208.17
77.55	207.73
77.65	207.27
77.75	206.87
77.84	206.44
77.94	206.02
78.03	205.63
78.13	205.24
78.23	204.90
78.32	204.52
78.42	204.18
78.52	203.82
78.61	203.53
78.71	203.23
78.80	202.93
78.90	202.81
79.00	202.73
79.09	202.50
79.19	201.99
79.29	201.60
79.38	201.22
79.48	200.89
79.57	200.59
79.67	200.23
79.77	199.85
79.86	199.26
79.96	198.17
80.06	195.90
80.15	191.17
80.25	184.10
80.34	172.61
80.44	159.31
80.54	143.81
80.63	127.27
80.73	112.69
80.82	97.53
80.92	85.23
81.02	74.07
81.11	64.30
81.21	56.58
81.31	49.25
81.40	43.73
81.50	38.77
81.59	34.61
81.69	31.32
81.79	28.28
81.88	25.93
81.98	23.85
82.08	22.08
82.17	20.64
82.27	19.36
82.36	18.33
82.46	17.42
82.56	16.66
82.65	16.06
82.75	15.49
82.85	15.05
82.94	14.65
83.04	14.33
83.13	14.05
83.23	13.80
