ml	 mAU
0.00	0.00
0.09	0.01
0.18	0.01
0.27	0.00
0.36	0.00
0.44	0.01
0.53	0.01
0.62	0.01
0.71	0.01
0.80	0.00
0.89	0.00
0.98	0.00
1.07	-0.02
1.16	0.05
1.24	0.35
1.33	0.36
1.42	0.15
1.51	0.06
1.60	0.03
1.69	0.23
1.78	1.56
1.87	3.38
1.96	169.35
2.05	1269.89
2.13	2091.75
2.22	2250.73
2.31	2301.67
2.40	2333.02
2.49	2370.17
2.58	2378.00
2.67	2405.74
2.76	2408.63
2.85	2447.21
2.93	2464.97
3.02	2475.60
3.11	2491.63
3.20	2506.12
3.29	2513.72
3.38	2493.06
3.47	2492.17
3.56	2491.86
3.65	2501.90
3.73	2483.73
3.82	2493.43
3.91	2525.98
4.00	2486.01
4.09	2489.17
4.18	2479.47
4.27	2496.88
4.36	2486.64
4.45	2496.17
4.54	2491.04
4.62	2476.47
4.71	2469.53
4.80	2494.15
4.89	2491.06
4.98	2478.47
5.07	2468.66
5.16	2471.54
5.25	2485.85
5.34	2482.45
5.42	2468.51
5.51	2478.10
5.60	2482.34
5.69	2484.23
5.78	2481.57
5.87	2487.21
5.96	2462.42
6.05	2495.27
6.14	2500.13
6.22	2503.46
6.31	2510.10
6.40	2490.55
6.49	2497.06
6.58	2478.58
6.67	2511.74
6.76	2495.15
6.85	2505.37
6.94	2509.26
7.02	2497.59
7.11	2502.15
7.20	2503.12
7.29	2500.41
7.38	2497.78
7.47	2469.44
7.56	2500.71
7.65	2513.52
7.74	2495.28
7.83	2509.13
7.91	2500.33
8.00	2478.75
8.09	2475.13
8.18	2473.73
8.27	2471.70
8.36	2480.09
8.45	2466.64
8.54	2472.19
8.63	2470.92
8.71	2489.91
8.80	2480.66
8.89	2454.16
8.98	2471.63
9.07	2467.53
9.16	2478.80
9.25	2456.79
9.34	2478.59
9.43	2497.87
9.51	2468.54
9.60	2468.42
9.69	2460.95
9.78	2454.54
9.87	2458.99
9.96	2474.46
10.05	2464.80
10.14	2458.56
10.23	2474.60
10.31	2481.74
10.40	2504.04
10.49	2483.81
10.58	2492.59
10.67	2461.54
10.76	2482.45
10.85	2474.96
10.94	2489.08
11.03	2497.09
11.12	2499.12
11.20	2509.49
11.29	2480.13
11.38	2499.56
11.47	2493.01
11.56	2496.72
11.65	2496.83
11.74	2500.58
11.83	2506.93
11.92	2498.15
12.00	2499.30
12.09	2508.31
12.18	2520.03
12.27	2511.79
12.36	2501.78
12.45	2515.59
12.54	2515.99
12.63	2525.99
12.72	2529.13
12.80	2504.22
12.89	2504.03
12.98	2486.37
13.07	2486.36
13.16	2487.42
13.25	2493.13
13.34	2493.60
13.43	2504.40
13.52	2505.10
13.61	2497.66
13.69	2490.11
13.78	2483.84
13.87	2492.60
13.96	2492.73
14.05	2502.15
14.14	2482.24
14.23	2496.19
14.32	2507.98
14.41	2511.00
14.49	2487.87
14.58	2499.01
14.67	2520.56
14.76	2502.39
14.85	2508.59
14.94	2521.56
15.03	2515.42
15.12	2504.54
15.21	2510.28
15.29	2533.96
15.38	2511.31
15.47	2522.51
15.56	2531.66
15.65	2533.44
15.74	2544.81
15.83	2520.96
15.92	2519.95
16.01	2523.22
16.09	2547.84
16.18	2526.36
16.27	2529.10
16.36	2553.57
16.45	2556.69
16.54	2549.71
16.63	2551.76
16.72	2556.24
16.81	2553.02
16.90	2542.72
16.98	2531.95
17.07	2550.88
17.16	2551.30
17.25	2548.09
17.34	2536.99
17.43	2539.88
17.52	2549.36
17.61	2526.89
17.70	2540.14
17.78	2531.66
17.87	2527.63
17.96	2524.45
18.05	2526.23
18.14	2520.48
18.23	2522.50
18.32	2521.55
18.41	2526.34
18.50	2517.33
18.58	2505.51
18.67	2508.06
18.76	2518.77
18.85	2511.80
18.94	2515.75
19.03	2510.21
19.12	2492.77
19.21	2503.91
19.30	2513.08
19.38	2501.43
19.47	2507.26
19.56	2521.43
19.65	2509.62
19.74	2505.81
19.83	2491.06
19.92	2514.36
20.01	2507.17
20.10	2503.74
20.19	2523.00
20.27	2507.01
20.36	2508.66
20.45	2515.35
20.54	2511.16
20.63	2506.27
20.72	2514.21
20.81	2513.18
20.90	2502.18
20.99	2501.97
21.07	2506.22
21.16	2539.23
21.25	2533.29
21.34	2496.84
21.43	2509.62
21.52	2505.00
21.61	2507.08
21.70	2496.72
21.79	2505.42
21.87	2506.30
21.96	2504.09
22.05	2513.80
22.14	2513.60
22.23	2499.37
22.32	2510.48
22.41	2505.38
22.50	2492.55
22.59	2484.83
22.68	2497.65
22.76	2500.54
22.85	2495.08
22.94	2481.85
23.03	2475.22
23.12	2493.23
23.21	2482.03
23.30	2494.88
23.39	2520.05
23.48	2488.18
23.56	2493.02
23.65	2519.35
23.74	2490.69
23.83	2506.19
23.92	2493.59
24.01	2498.40
24.10	2515.65
24.19	2515.81
24.28	2508.62
24.36	2508.31
24.45	2523.51
24.54	2520.69
24.63	2522.87
24.72	2498.02
24.81	2525.57
24.90	2522.45
24.99	2529.91
25.08	2524.67
25.16	2519.65
25.25	2539.39
25.34	2520.15
25.43	2537.41
25.52	2530.99
25.61	2520.95
25.70	2514.04
25.79	2508.17
25.88	2516.14
25.97	2529.82
26.05	2513.36
26.14	2509.65
26.23	2484.26
26.32	2486.06
26.41	2471.54
26.50	2495.68
26.59	2492.28
26.68	2466.26
26.77	2506.11
26.85	2498.27
26.94	2501.82
27.03	2481.72
27.12	2479.47
27.21	2463.40
27.30	2475.38
27.39	2478.69
27.48	2476.22
27.57	2469.36
27.65	2472.23
27.74	2471.28
27.83	2460.98
27.92	2471.55
28.01	2475.84
28.10	2466.12
28.19	2471.96
28.28	2473.74
28.37	2471.78
28.45	2479.36
28.54	2476.16
28.63	2469.97
28.72	2476.44
28.81	2470.28
28.90	2473.63
28.99	2477.55
29.08	2500.92
29.17	2492.84
29.26	2488.42
29.34	2473.93
29.43	2476.52
29.52	2474.30
29.61	2468.27
29.70	2482.25
29.79	2493.33
29.88	2481.48
29.97	2497.44
30.06	2503.91
30.14	2508.56
30.23	2490.25
30.32	2489.96
30.41	2474.89
30.50	2484.30
30.59	2495.53
30.68	2485.26
30.77	2496.54
30.86	2483.62
30.94	2473.11
31.03	2470.14
31.12	2477.69
31.21	2477.22
31.30	2468.97
31.39	2462.26
31.48	2463.77
31.57	2484.40
31.66	2488.11
31.75	2462.80
31.83	2470.16
31.92	2469.00
32.01	2473.32
32.10	2456.27
32.19	2483.74
32.28	2488.22
32.37	2494.20
32.46	2492.07
32.55	2483.67
32.63	2495.34
32.72	2503.04
32.81	2505.43
32.90	2509.12
32.99	2541.32
33.08	2536.06
33.17	2528.21
33.26	2517.90
33.35	2506.26
33.43	2506.83
33.52	2544.13
33.61	2549.62
33.70	2544.10
33.79	2508.36
33.88	2426.84
33.97	2316.36
34.06	2213.56
34.15	2087.06
34.23	1958.44
34.32	1808.52
34.41	1639.27
34.50	1470.12
34.59	1291.50
34.68	1135.25
34.77	985.07
34.86	858.89
34.95	746.40
35.04	653.80
35.12	576.73
35.21	512.75
35.30	462.26
35.39	419.48
35.48	386.46
35.57	357.21
35.66	334.46
35.75	314.84
35.84	298.90
35.92	285.23
36.01	273.26
36.10	262.84
36.19	253.00
36.28	244.64
36.37	236.15
36.46	228.60
36.55	221.09
36.64	214.20
36.72	207.48
36.81	201.00
36.90	194.95
36.99	189.06
37.08	183.72
37.17	178.18
37.26	173.28
37.35	168.43
37.44	163.88
37.52	159.48
37.61	155.24
37.70	151.27
37.79	147.41
37.88	143.87
37.97	140.23
38.06	136.97
38.15	133.62
38.24	130.48
38.33	127.47
38.41	124.59
38.50	121.80
38.59	119.07
38.68	116.54
38.77	113.96
38.86	111.65
38.95	109.32
39.04	107.16
39.13	105.01
39.21	102.94
39.30	101.00
39.39	99.05
39.48	97.24
39.57	95.40
39.66	93.74
39.75	92.03
39.84	90.45
39.93	88.86
40.01	87.36
40.10	85.91
40.19	84.47
40.28	83.12
40.37	81.76
40.46	80.51
40.55	79.20
40.64	78.04
40.73	76.85
40.82	75.72
40.90	74.59
40.99	73.49
41.08	72.44
41.17	71.36
41.26	70.39
41.35	69.41
41.44	68.52
41.53	67.65
41.62	66.88
41.70	66.18
41.79	65.50
41.88	64.93
41.97	64.39
42.06	63.91
42.15	63.47
42.24	63.06
42.33	62.63
42.42	62.26
42.50	61.89
42.59	61.50
42.68	61.17
42.77	60.83
42.86	60.52
42.95	60.20
43.04	59.91
43.13	59.59
43.22	59.30
43.30	59.01
43.39	58.70
43.48	58.37
43.57	58.04
43.66	57.73
43.75	57.39
43.84	57.06
43.93	56.71
44.02	56.36
44.11	56.03
44.19	55.68
44.28	55.32
44.37	54.95
44.46	54.61
44.55	54.24
44.64	53.91
44.73	53.56
44.82	53.24
44.91	52.91
44.99	52.56
45.08	52.22
45.17	51.89
45.26	51.59
45.35	51.25
45.44	50.93
45.53	50.63
45.62	50.31
45.71	49.98
45.79	49.68
45.88	49.40
45.97	49.10
46.06	48.82
46.15	48.52
46.24	48.26
46.33	47.96
46.42	47.69
46.51	47.42
46.59	47.15
46.68	46.88
46.77	46.61
46.86	46.36
46.95	46.09
47.04	45.84
47.13	45.58
47.22	45.32
47.31	45.07
47.40	44.83
47.48	44.56
47.57	44.27
47.66	43.94
47.75	43.59
47.84	43.24
47.93	42.84
48.02	42.45
48.11	42.06
48.20	41.68
48.28	41.31
48.37	40.97
48.46	40.68
48.55	40.41
48.64	40.20
48.73	39.99
48.82	39.83
48.91	39.68
49.00	39.54
49.08	39.40
49.17	39.27
49.26	39.14
49.35	38.98
49.44	38.83
49.53	38.67
49.62	38.53
49.71	38.36
49.80	38.20
49.89	38.05
49.97	37.87
50.06	37.71
50.15	37.55
50.24	37.41
50.33	37.24
50.42	37.07
50.51	36.92
50.60	36.76
50.69	36.58
50.77	36.42
50.86	36.27
50.95	36.12
51.04	35.95
51.13	35.78
51.22	35.63
51.31	35.49
51.40	35.33
51.49	35.18
51.57	35.03
51.66	34.87
51.75	34.72
51.84	34.57
51.93	34.40
52.02	34.26
52.11	34.12
52.20	33.99
52.29	33.85
52.37	33.72
52.46	33.57
52.55	33.42
52.64	33.27
52.73	33.14
52.82	33.00
52.91	32.86
53.00	32.72
53.09	32.56
53.18	32.43
53.26	32.30
53.35	32.16
53.44	32.03
53.53	31.90
53.62	31.74
53.71	31.55
53.80	31.35
53.89	31.12
53.98	30.92
54.06	30.70
54.15	30.46
54.24	30.26
54.33	30.03
54.42	29.84
54.51	29.66
54.60	29.52
54.69	29.41
54.78	29.32
54.86	29.22
54.95	29.14
55.04	29.03
55.13	28.91
55.22	28.80
55.31	28.66
55.40	28.49
55.49	28.31
55.58	28.13
55.66	27.90
55.75	27.67
55.84	27.44
55.93	27.20
56.02	27.00
56.11	26.78
56.20	26.58
56.29	26.40
56.38	26.23
56.47	26.04
56.55	25.87
56.64	25.70
56.73	25.51
56.82	25.36
56.91	25.18
57.00	25.01
57.09	24.84
57.18	24.67
57.27	24.50
57.35	24.32
57.44	24.16
57.53	24.00
57.62	23.83
57.71	23.66
57.80	23.50
57.89	23.33
57.98	23.17
58.07	23.01
58.15	22.86
58.24	22.70
58.33	22.55
58.42	22.40
58.51	22.26
58.60	22.12
58.69	21.97
58.78	21.82
58.87	21.67
58.96	21.55
59.04	21.43
59.13	21.29
59.22	21.14
59.31	21.01
59.40	20.89
59.49	20.77
59.58	20.65
59.67	20.51
59.76	20.39
59.84	20.27
59.93	20.16
60.02	20.05
60.11	19.92
60.20	19.80
60.29	19.67
60.38	19.56
60.47	19.46
60.56	19.34
60.64	19.22
60.73	19.11
60.82	18.98
60.91	18.87
61.00	18.78
61.09	18.67
61.18	18.55
61.27	18.44
61.36	18.36
61.44	18.25
61.53	18.15
61.62	18.06
61.71	17.95
61.80	17.86
61.89	17.74
61.98	17.65
62.07	17.57
62.16	17.48
62.25	17.38
62.33	17.30
62.42	17.21
62.51	17.11
62.60	17.01
62.69	16.92
62.78	16.84
62.87	16.77
62.96	16.71
63.05	16.63
63.13	16.58
63.22	16.55
63.31	16.53
63.40	16.53
63.49	16.55
63.58	16.55
63.67	16.57
63.76	16.61
63.85	16.64
63.93	16.67
64.02	16.69
64.11	16.71
64.20	16.74
64.29	16.77
64.38	16.79
64.47	16.86
64.56	16.99
64.65	17.18
64.74	17.47
64.82	17.97
64.91	18.73
65.00	19.83
65.09	21.49
65.18	23.72
65.27	27.03
65.36	31.37
65.45	37.35
65.54	44.77
65.62	54.10
65.71	65.66
65.80	79.17
65.89	95.80
65.98	114.77
66.07	137.90
66.16	162.63
66.25	192.41
66.34	224.91
66.42	261.55
66.51	302.70
66.60	347.53
66.69	397.94
66.78	449.15
66.87	506.92
66.96	565.21
67.05	630.43
67.14	695.09
67.22	762.23
67.31	831.96
67.40	901.23
67.49	972.64
67.58	1042.06
67.67	1113.58
67.76	1179.68
67.85	1247.67
67.94	1311.39
68.03	1373.79
68.11	1434.18
68.20	1489.15
68.29	1542.18
68.38	1589.61
68.47	1636.71
68.56	1676.35
68.65	1715.76
68.74	1749.00
68.83	1779.71
68.91	1807.44
69.00	1837.92
69.09	1859.78
69.18	1872.94
69.27	1890.94
69.36	1904.00
69.45	1916.49
69.54	1927.58
69.63	1936.86
69.71	1946.05
69.80	1953.84
69.89	1963.15
69.98	1972.68
70.07	1980.49
70.16	1987.61
70.25	1995.24
70.34	2001.84
70.43	2008.34
70.51	2014.04
70.60	2018.68
70.69	2024.16
70.78	2028.76
70.87	2031.42
70.96	2034.62
71.05	2037.36
71.14	2040.41
71.23	2042.29
71.32	2044.86
71.40	2045.12
71.49	2045.32
71.58	2046.09
71.67	2045.32
71.76	2046.95
71.85	2045.68
71.94	2041.86
72.03	2042.31
72.12	2040.52
72.20	2036.62
72.29	2033.57
72.38	2031.78
72.47	2026.11
72.56	2019.74
72.65	2014.56
72.74	2008.82
72.83	2000.89
72.92	1992.25
73.00	1982.26
73.09	1971.04
73.18	1960.44
73.27	1946.41
73.36	1932.12
73.45	1915.26
73.54	1896.89
73.63	1875.97
73.72	1853.57
73.81	1830.08
73.89	1802.93
73.98	1774.29
74.07	1742.22
74.16	1709.55
74.25	1670.69
74.34	1630.74
74.43	1586.78
74.52	1541.18
74.61	1491.82
74.69	1440.06
74.78	1387.48
74.87	1333.05
74.96	1280.59
75.05	1226.35
75.14	1176.02
75.23	1123.49
75.32	1074.67
75.41	1025.72
75.49	980.51
75.58	936.60
75.67	894.32
75.76	854.93
75.85	816.40
75.94	782.15
76.03	747.81
76.12	717.54
76.21	688.08
76.29	660.41
76.38	635.01
76.47	610.82
76.56	588.65
76.65	566.55
76.74	547.16
76.83	527.44
76.92	509.86
77.01	492.67
77.10	476.55
77.18	461.38
77.27	446.50
77.36	432.60
77.45	419.29
77.54	407.32
77.63	395.34
77.72	384.62
77.81	374.06
77.90	364.21
77.98	355.00
78.07	346.29
78.16	338.27
78.25	330.36
78.34	323.30
78.43	316.06
78.52	309.69
78.61	303.35
78.70	297.58
78.78	292.03
78.87	286.63
78.96	281.75
79.05	276.90
79.14	272.65
79.23	268.21
79.32	264.28
79.41	260.34
79.50	256.53
79.58	253.40
79.67	250.32
79.76	247.15
79.85	244.75
79.94	242.24
80.03	239.59
80.12	236.98
80.21	234.46
80.30	231.92
80.39	229.61
80.47	227.44
80.56	225.36
80.65	223.37
80.74	221.18
80.83	218.86
80.92	215.55
81.01	210.98
81.10	204.02
81.19	194.28
81.27	181.41
81.36	165.76
81.45	148.96
81.54	131.20
81.63	115.10
81.72	99.31
81.81	85.92
81.90	73.68
81.99	63.10
82.07	54.14
82.16	46.47
82.25	40.05
82.34	34.43
82.43	29.88
82.52	25.73
82.61	22.44
82.70	19.48
82.79	17.06
82.88	14.95
82.96	13.15
83.05	11.64
83.14	10.33
83.23	9.24
83.32	8.27
83.41	7.48
83.50	6.77
83.59	6.19
83.68	5.68
83.76	5.26
83.85	4.89
83.94	4.57
84.03	4.29
84.12	4.05
84.21	3.86
