ml	 mAU
0.00	2.86
0.14	-0.60
0.29	-1.10
0.43	-1.53
0.58	-1.93
0.72	-2.23
0.86	-2.46
1.01	-2.69
1.15	-2.86
1.30	-3.03
1.44	-3.17
1.58	-3.31
1.73	-3.42
1.87	-3.54
2.02	-3.60
2.16	-3.68
2.30	-3.74
2.45	-3.79
2.59	-3.86
2.74	-3.91
2.88	-3.97
3.02	-4.01
3.17	-4.06
3.31	-4.09
3.45	-4.11
3.60	-4.15
3.74	-4.18
3.89	-4.21
4.03	-4.25
4.17	-4.26
4.32	-4.29
4.46	-4.31
4.61	-4.31
4.75	-4.34
4.89	-4.35
5.04	-4.37
5.18	-4.37
5.33	-4.39
5.47	-4.41
5.61	-4.42
5.76	-4.44
5.90	-4.48
6.05	-4.50
6.19	-4.54
6.33	-4.54
6.48	-4.57
6.62	-4.59
6.77	-4.63
6.91	-4.66
7.05	-4.68
7.20	-4.71
7.34	-4.74
7.49	-4.75
7.63	-4.77
7.77	-4.79
7.92	-4.79
8.06	-4.81
8.21	-4.76
8.35	-4.76
8.49	-4.72
8.64	-4.68
8.78	-4.65
8.92	-4.59
9.07	-4.55
9.21	-4.50
9.36	-4.43
9.50	-4.36
9.64	-4.28
9.79	-4.19
9.93	-4.13
10.08	-4.02
10.22	-3.94
10.36	-3.82
10.51	-3.72
10.65	-3.61
10.80	-3.49
10.94	-3.35
11.08	-3.23
11.23	-3.07
11.37	-2.93
11.52	-2.77
11.66	-2.61
11.80	-2.45
11.95	-2.28
12.09	-2.12
12.24	-1.99
12.38	-1.81
12.52	-1.65
12.67	-1.50
12.81	-1.35
12.96	-1.21
13.10	-1.07
13.24	-0.95
13.39	-0.81
13.53	-0.68
13.68	-0.57
13.82	-0.45
13.96	-0.34
14.11	-0.25
14.25	-0.16
14.40	-0.10
14.54	0.00
14.68	0.07
14.83	0.13
14.97	0.18
15.11	0.21
15.26	0.24
15.40	0.26
15.55	0.25
15.69	0.23
15.83	0.22
15.98	0.18
16.12	0.13
16.27	0.08
16.41	0.01
16.55	-0.07
16.70	-0.14
16.84	-0.23
16.99	-0.32
17.13	-0.41
17.27	-0.51
17.42	-0.58
17.56	-0.70
17.71	-0.79
17.85	-0.89
17.99	-0.99
18.14	-1.08
18.28	-1.18
18.43	-1.28
18.57	-1.38
18.71	-1.49
18.86	-1.58
19.00	-1.68
19.15	-1.77
19.29	-1.85
19.43	-1.94
19.58	-2.02
19.72	-2.10
19.87	-2.16
20.01	-2.24
20.15	-2.32
20.30	-2.38
20.44	-2.44
20.58	-2.49
20.73	-2.53
20.87	-2.55
21.02	-2.60
21.16	-2.63
21.30	-2.68
21.45	-2.71
21.59	-2.77
21.74	-2.79
21.88	-2.87
22.02	-2.90
22.17	-2.97
22.31	-3.01
22.46	-3.09
22.60	-3.16
22.74	-3.24
22.89	-3.30
23.03	-3.37
23.18	-3.44
23.32	-3.53
23.46	-3.60
23.61	-3.68
23.75	-3.76
23.90	-3.85
24.04	-3.94
24.18	-4.04
24.33	-4.12
24.47	-4.23
24.62	-4.34
24.76	-4.44
24.90	-4.54
25.05	-4.64
25.19	-4.75
25.34	-4.86
25.48	-4.98
25.62	-5.09
25.77	-5.17
25.91	-5.27
26.06	-5.37
26.20	-5.46
26.34	-5.55
26.49	-5.62
26.63	-5.69
26.77	-5.77
26.92	-5.82
27.06	-5.87
27.21	-5.92
27.35	-5.95
27.49	-5.99
27.64	-6.02
27.78	-6.03
27.93	-6.06
28.07	-6.09
28.21	-6.11
28.36	-6.12
28.50	-6.14
28.65	-6.17
28.79	-6.19
28.93	-6.21
29.08	-6.21
29.22	-6.24
29.37	-6.24
29.51	-6.25
29.65	-6.25
29.80	-6.26
29.94	-6.27
30.09	-6.27
30.23	-6.26
30.37	-6.29
30.52	-6.30
30.66	-6.30
30.81	-6.32
30.95	-6.34
31.09	-6.36
31.24	-6.39
31.38	-6.42
31.53	-6.45
31.67	-6.47
31.81	-6.48
31.96	-6.53
32.10	-6.54
32.25	-6.58
32.39	-6.61
32.53	-6.63
32.68	-6.66
32.82	-6.66
32.96	-6.66
33.11	-6.65
33.25	-6.62
33.40	-6.59
33.54	-6.51
33.68	-6.41
33.83	-6.27
33.97	-6.05
34.12	-5.69
34.26	-5.15
34.40	-4.31
34.55	-3.10
34.69	-1.13
34.84	2.02
34.98	6.84
35.12	13.28
35.27	21.87
35.41	35.38
35.56	55.63
35.70	84.90
35.84	126.55
35.99	181.73
36.13	254.75
36.28	338.33
36.42	421.78
36.56	497.98
36.71	562.37
36.85	603.00
37.00	617.05
37.14	612.90
37.28	588.89
37.43	550.37
37.57	499.14
37.72	443.79
37.86	391.52
38.00	345.83
38.15	308.87
38.29	278.53
38.43	255.38
38.58	237.65
38.72	223.01
38.87	210.57
39.01	198.76
39.15	187.68
39.30	178.09
39.44	169.27
39.59	161.05
39.73	152.72
39.87	144.33
40.02	136.25
40.16	128.02
40.31	120.37
40.45	112.81
40.59	105.75
40.74	99.53
40.88	93.57
41.03	88.21
41.17	82.85
41.31	78.23
41.46	74.44
41.60	71.02
41.75	68.09
41.89	65.48
42.03	63.42
42.18	61.92
42.32	60.90
42.47	60.51
42.61	60.67
42.75	61.54
42.90	63.00
43.04	65.41
43.19	68.39
43.33	71.93
43.47	76.92
43.62	82.23
43.76	88.42
43.91	95.29
44.05	103.08
44.19	111.42
44.34	119.86
44.48	128.97
44.62	138.14
44.77	147.79
44.91	157.36
45.06	166.55
45.20	175.60
45.34	184.28
45.49	192.54
45.63	200.15
45.78	205.85
45.92	210.69
46.06	214.87
46.21	219.11
46.35	223.02
46.50	226.02
46.64	228.20
46.78	229.52
46.93	230.00
47.07	229.66
47.22	228.52
47.36	226.67
47.50	224.43
47.65	221.25
47.79	216.99
47.94	212.55
48.08	207.86
48.22	202.81
48.37	197.30
48.51	191.63
48.66	185.88
48.80	179.99
48.94	173.99
49.09	167.84
49.23	161.63
49.38	155.82
49.52	149.93
49.66	143.93
49.81	138.19
49.95	132.56
50.09	127.26
50.24	122.16
50.38	117.26
50.53	112.52
50.67	108.10
50.81	103.91
50.96	100.02
51.10	96.22
51.25	92.57
51.39	89.16
51.53	85.93
51.68	82.88
51.82	79.92
51.97	77.21
52.11	74.63
52.25	72.24
52.40	69.93
52.54	67.57
52.69	65.16
52.83	62.81
52.97	60.51
53.12	58.31
53.26	56.08
53.41	53.88
53.55	51.80
53.69	49.73
53.84	47.69
53.98	45.73
54.13	43.84
54.27	42.11
54.41	40.43
54.56	38.83
54.70	37.22
54.85	35.68
54.99	34.27
55.13	32.94
55.28	31.70
55.42	30.52
55.57	29.33
55.71	28.33
55.85	27.38
56.00	26.47
56.14	25.68
56.28	24.93
56.43	24.29
56.57	23.74
56.72	23.30
56.86	22.89
57.00	22.59
57.15	22.37
57.29	22.26
57.44	22.26
57.58	22.33
57.72	22.57
57.87	22.87
58.01	23.33
58.16	23.91
58.30	24.70
58.44	25.53
58.59	26.44
58.73	27.56
58.88	28.93
59.02	30.65
59.16	32.67
59.31	34.85
59.45	37.36
59.60	40.06
59.74	43.24
59.88	46.78
60.03	50.50
60.17	54.90
60.32	59.37
60.46	63.88
60.60	68.73
60.75	73.82
60.89	79.34
61.04	84.82
61.18	90.75
61.32	96.74
61.47	102.52
61.61	108.40
61.75	113.90
61.90	119.85
62.04	125.61
62.19	130.11
62.33	134.84
62.47	139.15
62.62	142.83
62.76	145.85
62.91	148.00
63.05	149.58
63.19	150.33
63.34	150.33
63.48	149.56
63.63	148.08
63.77	145.80
63.91	142.87
64.06	139.33
64.20	135.15
64.35	130.65
64.49	125.59
64.63	120.47
64.78	115.28
64.92	109.95
65.07	104.72
65.21	99.09
65.35	93.37
65.50	87.75
65.64	82.07
65.79	76.72
65.93	71.36
66.07	66.29
66.22	61.48
66.36	56.67
66.51	52.23
66.65	48.04
66.79	44.41
66.94	41.01
67.08	37.69
67.23	34.72
67.37	31.85
67.51	29.23
67.66	26.86
67.80	24.66
67.94	22.72
68.09	20.92
68.23	19.16
68.38	17.70
68.52	16.44
68.66	15.35
68.81	14.41
68.95	13.68
69.10	13.19
69.24	12.92
69.38	12.94
69.53	13.23
69.67	13.86
69.82	14.82
69.96	16.17
70.10	17.98
70.25	20.22
70.39	22.95
70.54	26.26
70.68	30.26
70.82	34.76
70.97	39.55
71.11	44.55
71.26	50.27
71.40	57.17
71.54	65.13
71.69	73.87
71.83	83.44
71.98	93.70
72.12	105.03
72.26	116.73
72.41	128.92
72.55	141.68
72.70	155.42
72.84	169.96
72.98	183.10
73.13	195.76
73.27	208.77
73.41	221.53
73.56	234.08
73.70	245.48
73.85	255.75
73.99	264.82
74.13	272.51
74.28	278.90
74.42	283.73
74.57	287.08
74.71	288.04
74.85	287.41
75.00	285.10
75.14	280.95
75.29	275.09
75.43	267.71
75.57	258.99
75.72	248.79
75.86	237.81
76.01	226.11
76.15	213.87
76.29	201.26
76.44	188.09
76.58	175.30
76.73	162.68
76.87	150.41
77.01	138.90
77.16	127.96
77.30	118.49
77.45	109.47
77.59	100.82
77.73	92.14
77.88	83.70
78.02	76.00
78.17	68.95
78.31	62.52
78.45	56.54
78.60	50.97
78.74	45.99
78.89	41.16
79.03	36.76
79.17	33.05
79.32	29.74
79.46	26.68
79.60	23.78
79.75	21.14
79.89	18.66
80.04	16.35
80.18	14.34
80.32	12.48
80.47	10.81
80.61	9.22
80.76	7.65
80.90	6.34
81.04	5.20
81.19	4.12
81.33	3.01
81.48	2.08
81.62	1.26
81.76	0.54
81.91	-0.10
82.05	-0.70
82.20	-1.23
82.34	-1.71
82.48	-2.12
82.63	-2.48
82.77	-2.85
82.92	-3.13
83.06	-3.40
83.20	-3.63
83.35	-3.81
83.49	-3.98
83.64	-4.09
83.78	-4.19
83.92	-4.28
84.07	-4.39
84.21	-4.50
84.36	-4.58
84.50	-4.66
84.64	-4.74
84.79	-4.80
84.93	-4.86
85.07	-4.92
85.22	-5.00
85.36	-5.05
85.51	-5.11
85.65	-5.12
85.79	-5.17
85.94	-5.21
86.08	-5.23
86.23	-5.28
86.37	-5.31
86.51	-5.35
86.66	-5.37
86.80	-5.41
86.95	-5.44
87.09	-5.48
87.23	-5.50
87.38	-5.58
87.52	-5.61
87.67	-5.68
87.81	-5.73
87.95	-5.77
88.10	-5.83
88.24	-5.88
88.39	-5.93
88.53	-6.01
88.67	-6.05
88.82	-6.07
88.96	-6.14
89.11	-6.19
89.25	-6.23
89.39	-6.28
89.54	-6.31
89.68	-6.31
89.83	-6.33
89.97	-6.35
90.11	-6.35
90.26	-6.35
90.40	-6.35
90.55	-6.37
90.69	-6.37
90.83	-6.37
90.98	-6.39
91.12	-6.38
91.26	-6.40
91.41	-6.43
91.55	-6.43
91.70	-6.44
91.84	-6.44
91.98	-6.43
92.13	-6.46
92.27	-6.45
92.42	-6.46
92.56	-6.46
92.70	-6.45
92.85	-6.45
92.99	-6.46
93.14	-6.48
93.28	-6.49
93.42	-6.50
93.57	-6.53
93.71	-6.53
93.86	-6.56
94.00	-6.59
94.14	-6.63
94.29	-6.66
94.43	-6.70
94.58	-6.73
94.72	-6.76
94.86	-6.80
95.01	-6.82
95.15	-6.84
95.30	-6.89
95.44	-6.93
95.58	-6.95
95.73	-6.98
95.87	-7.00
96.02	-7.01
96.16	-7.00
96.30	-7.00
96.45	-7.00
96.59	-7.00
96.74	-6.99
96.88	-6.99
97.02	-6.98
97.17	-6.98
97.31	-6.98
97.45	-6.96
97.60	-6.98
97.74	-6.97
97.89	-6.98
98.03	-6.97
98.17	-6.96
98.32	-6.96
98.46	-6.95
98.61	-6.95
98.75	-6.94
98.89	-6.93
99.04	-6.91
99.18	-6.90
99.33	-6.89
99.47	-6.90
99.61	-6.87
99.76	-6.87
99.90	-6.89
100.05	-6.90
100.19	-6.92
100.33	-6.92
100.48	-6.94
100.62	-6.96
100.77	-6.98
100.91	-7.00
101.05	-7.02
101.20	-7.03
101.34	-7.05
101.49	-7.08
101.63	-7.10
101.77	-7.12
101.92	-7.15
102.06	-7.15
102.21	-7.16
102.35	-7.17
102.49	-7.15
102.64	-7.16
102.78	-7.16
102.92	-7.15
103.07	-7.16
103.21	-7.17
103.36	-7.16
103.50	-7.16
103.64	-7.18
103.79	-7.17
103.93	-7.18
104.08	-7.18
104.22	-7.18
104.36	-7.18
104.51	-7.19
104.65	-7.17
104.80	-7.19
104.94	-7.19
105.08	-7.16
105.23	-7.18
105.37	-7.17
105.52	-7.15
105.66	-7.16
105.80	-7.16
105.95	-7.15
106.09	-7.17
106.24	-7.18
106.38	-7.20
106.52	-7.19
106.67	-7.20
106.81	-7.21
106.96	-7.22
107.10	-7.22
107.24	-7.22
107.39	-7.24
107.53	-7.25
107.68	-7.26
107.82	-7.25
107.96	-7.27
108.11	-7.25
108.25	-7.25
108.40	-7.24
108.54	-7.22
108.68	-7.21
108.83	-7.18
108.97	-7.16
109.11	-7.13
109.26	-7.13
109.40	-7.11
109.55	-7.10
109.69	-7.08
109.83	-7.09
109.98	-7.06
110.12	-7.08
110.27	-7.08
110.41	-7.10
110.55	-7.09
110.70	-7.11
110.84	-7.11
110.99	-7.12
111.13	-7.12
111.27	-7.13
111.42	-7.13
111.56	-7.14
111.71	-7.16
111.85	-7.14
111.99	-7.15
112.14	-7.15
112.28	-7.17
112.43	-7.19
112.57	-7.22
112.71	-7.23
112.86	-7.26
113.00	-7.29
113.15	-7.30
113.29	-7.32
113.43	-7.35
113.58	-7.37
113.72	-7.39
113.87	-7.41
114.01	-7.43
114.15	-7.44
114.30	-7.46
114.44	-7.47
114.58	-7.47
114.73	-7.47
114.87	-7.48
115.02	-7.46
115.16	-7.44
115.30	-7.40
115.45	-7.38
115.59	-7.35
115.74	-7.32
115.88	-7.30
116.02	-7.24
116.17	-7.22
116.31	-7.19
116.46	-7.16
116.60	-7.11
116.74	-7.08
116.89	-7.04
117.03	-6.99
117.18	-6.93
117.32	-6.87
117.46	-6.82
117.61	-6.76
117.75	-6.71
117.90	-6.64
118.04	-6.58
118.18	-6.51
118.33	-6.46
118.47	-6.39
118.62	-6.32
118.76	-6.25
118.90	-6.21
119.05	-6.16
119.19	-6.12
119.34	-6.07
119.48	-6.02
119.62	-5.99
119.77	-5.93
119.91	-5.90
120.06	-5.88
120.20	-5.84
120.34	-5.81
120.49	-5.77
120.63	-5.74
120.77	-5.72
120.92	-5.67
121.06	-5.65
121.21	-5.62
121.35	-5.59
121.49	-5.55
121.64	-5.52
121.78	-5.48
121.93	-5.45
122.07	-5.43
122.21	-5.38
122.36	-5.34
122.50	-5.32
122.65	-5.29
122.79	-5.28
122.93	-5.28
123.08	-5.25
123.22	-5.22
123.37	-5.23
123.51	-5.21
123.65	-5.18
123.80	-5.19
123.94	-5.16
124.09	-5.16
124.23	-5.14
124.37	-5.13
124.52	-5.12
124.66	-5.12
124.81	-5.11
124.95	-5.10
125.09	-5.11
125.24	-5.11
125.38	-5.12
125.53	-5.09
125.67	-5.09
125.81	-5.08
125.96	-5.04
126.10	-5.01
126.24	-4.98
126.39	-4.91
126.53	-4.83
126.68	-4.73
126.82	-4.62
126.96	-4.48
127.11	-4.29
127.25	-4.08
127.40	-3.85
127.54	-3.58
127.68	-3.24